      0/99     6.81G   0.08445   0.01901   0.04405    0.1475        80       640 0.0004063   0.01386 5.546e-05 9.842e-06    0.1207   0.01758   0.04639
      1/99     6.77G   0.07775    0.0155   0.04285    0.1361        29       640 0.0002137   0.01289 2.163e-05 2.722e-06    0.1144   0.01536   0.04693
      2/99     6.34G   0.07435   0.01419   0.04105    0.1296        80       640  0.003314  0.001626 0.0001403 1.612e-05     0.109   0.01504   0.04439
      3/99     7.62G   0.07082   0.01327   0.03979    0.1239        41       640 0.0005707   0.01463 0.0001978 3.061e-05    0.1076   0.01403   0.04333
      4/99     7.64G   0.06755   0.01269    0.0392    0.1194        50       640   0.07531    0.0379  0.007896   0.00168    0.1089   0.01368   0.04364
      5/99     7.64G   0.06973   0.01106   0.04023     0.121        28       640   0.07036   0.01688  0.001086 0.0001863      0.11   0.01311    0.0434
      6/99     7.62G   0.06807   0.01158    0.0383     0.118        37       640    0.2045   0.04358  0.003307 0.0006724    0.1094   0.01279   0.04334
      7/99     7.62G    0.0686   0.01166   0.03943    0.1197        76       640   0.00134   0.02807 0.0003003 0.0001051    0.1093   0.01437   0.04218
      8/99     7.62G   0.06802   0.01147   0.03668    0.1162        45       640 0.0005458   0.02101 0.0001156 3.454e-05    0.1138   0.01384   0.04258
      9/99     7.62G   0.06939   0.01148   0.03717     0.118        54       640         0         0         0         0    0.1228   0.02341     0.045
     10/99     7.62G   0.07637   0.01093   0.03862    0.1259        53       640         0         0         0         0    0.1302   0.01283   0.05863
     11/99     7.62G   0.07975   0.01044   0.04016    0.1304        58       640         0         0         0         0     0.145  0.007662     2.162
     12/99     7.62G   0.07682   0.01281   0.04005    0.1297        62       640         0         0         0         0    0.1296   0.01109    0.1501
     13/99     7.62G   0.07247   0.01229   0.04004    0.1248        43       640         0         0         0         0    0.1292   0.01061    0.2051
     14/99     7.62G   0.07343   0.01273   0.03976    0.1259        71       640         0         0         0         0    0.1122   0.01348   0.06777
     15/99     7.62G   0.07216   0.01335    0.0397    0.1252        65       640         0         0         0         0    0.1091   0.01392   0.05316
     16/99     7.62G   0.07137   0.01341   0.03934    0.1241        42       640         0         0         0         0    0.1097   0.01444    0.2231
     17/99     7.62G   0.07058   0.01269   0.03877     0.122        47       640 0.0001941  0.008803 4.385e-05 6.895e-06    0.1014   0.01606   0.06484
     18/99     7.62G   0.07103   0.01272   0.03995    0.1237        57       640         0         0         0         0    0.1024   0.01575   0.05486
     19/99     7.62G   0.07004   0.01405   0.03971    0.1238        79       640         0         0         0         0    0.1006   0.01631   0.04285
     20/99     7.62G   0.06891   0.01458   0.03887    0.1224        91       640         0         0         0         0     0.103   0.01574   0.05025
     21/99     7.62G   0.06897   0.01378   0.03907    0.1218        42       640  0.003328   0.05974   0.00265 0.0004652   0.09263   0.01731   0.04019
     22/99     7.62G   0.06769   0.01407   0.03831    0.1201        88       640    0.1357  0.003252  0.001037 0.0001588   0.09746   0.01657   0.04018
     23/99     7.62G   0.06843   0.01393   0.03861     0.121        64       640 0.0009401  0.005551 4.672e-05 2.606e-05    0.1118   0.01644    0.1873
     24/99     7.62G   0.07053   0.01296   0.03945    0.1229        59       640 0.0007663  0.001626 0.0001549 3.098e-05   0.09675   0.01618   0.04094
     25/99     7.62G   0.07136   0.01349   0.03872    0.1236        98       640 0.0001944  0.001626 2.818e-05 1.409e-05    0.1029   0.01503   0.04392
     26/99     7.62G   0.06876   0.01343   0.03952    0.1217        61       640 0.0003579   0.01071 4.008e-05 8.543e-06    0.1006   0.01584    0.0446
     27/99     7.62G   0.06477   0.01332   0.03762    0.1157        52       640  0.001487   0.05033 0.0005336 0.0001229   0.09828   0.01566   0.04157
     28/99     7.62G   0.06853   0.01373   0.03862    0.1209        38       640    0.5346  0.008409 0.0002665  6.19e-05   0.09431   0.01559   0.03982
     29/99     7.62G   0.06753   0.01379   0.03919    0.1205        57       640 0.0008687   0.05826 0.0002897 5.603e-05   0.09756   0.01632   0.07634
     30/99     7.62G   0.06617   0.01284   0.03811    0.1171        52       640    0.2687    0.0236 0.0008001 0.0001352   0.09474    0.0162   0.03947
     31/99     7.62G    0.0661   0.01355   0.03772    0.1174        40       640    0.4026   0.01928  0.001329 0.0002903   0.09553   0.01606   0.03933
     32/99     7.62G   0.06429   0.01409   0.03737    0.1158        60       640    0.5406   0.01289  0.003627 0.0009484   0.09323    0.0166   0.03931
     33/99     7.62G   0.06353   0.01369   0.03829    0.1155        56       640    0.4703   0.02215  0.001784 0.0006051   0.09793   0.01582   0.03905
     34/99     7.62G   0.06418   0.01469   0.03831    0.1172        52       640     0.478   0.02117  0.002082 0.0004201   0.09422   0.01597   0.03939
     35/99     7.62G   0.06116   0.01496   0.03748    0.1136        87       640    0.8091  0.002667  0.001068 0.0003832   0.09086   0.01649   0.03911
     36/99     7.62G   0.06125   0.01401   0.03803    0.1133        38       640    0.2709   0.06574  0.003553  0.001389   0.09141   0.01584   0.03901
     37/99     7.62G   0.06277   0.01422     0.038     0.115        52       640    0.4731   0.01405  0.001646 0.0005347   0.08888   0.01683   0.03934
     38/99     7.62G   0.06182   0.01399   0.03775    0.1136        90       640    0.5171   0.01985  0.009419  0.001467   0.08938     0.016   0.03894
     39/99     7.62G   0.05741    0.0135   0.03626    0.1072        66       640     0.411   0.01806  0.003929   0.00105   0.08867   0.01576   0.03927
     40/99     7.62G   0.06161   0.01348   0.03786     0.113        44       640    0.3231   0.03095   0.01221  0.003956   0.08458   0.01584   0.03894
     41/99     7.62G   0.05883   0.01371    0.0367    0.1092        47       640    0.2817    0.0448   0.00986  0.004639   0.09015   0.01591    0.0389
     42/99     7.62G   0.06153   0.01434   0.03761    0.1135        32       640   0.07313   0.06562  0.003199  0.000762   0.08886   0.01614   0.03853
     43/99     7.62G   0.06047   0.01418   0.03738     0.112        52       640    0.2726   0.04482  0.004268  0.001171   0.09593   0.01538    0.0805
     44/99     7.62G   0.05716   0.01326   0.03591    0.1063        53       640    0.2132   0.08914   0.01272  0.004542   0.08614    0.0154    0.0386
     45/99     7.62G   0.05916   0.01447    0.0375    0.1111        29       640   0.01826    0.2164   0.01412  0.005758   0.08796   0.01523   0.04202
     46/99     7.62G    0.0576   0.01435   0.03626    0.1082        96       640   0.03007    0.0803   0.01619  0.004418    0.0864   0.01529    0.0401
     47/99     7.62G   0.05806   0.01473   0.03751    0.1103        54       640    0.1575   0.07342   0.01166  0.003822   0.09362   0.01436   0.05997
     48/99     7.62G   0.05638   0.01285   0.03581     0.105        35       640    0.2279    0.1145   0.02139  0.006247   0.08903   0.01458   0.03834
     49/99     7.62G   0.05793    0.0129   0.03555    0.1064        47       640    0.3744   0.03893   0.02255   0.00833   0.08809   0.01437   0.03812
     50/99     7.62G   0.05635   0.01483   0.03687    0.1081        52       640   0.09647    0.1261   0.02495   0.01042   0.09571    0.0135   0.04057
     51/99     7.62G   0.05637   0.01351   0.03692    0.1068        61       640    0.1626    0.1368   0.02852   0.01096   0.09578   0.01323   0.05877
     52/99     7.62G   0.05276    0.0143   0.03542    0.1025        59       640     0.168      0.19   0.02723  0.009702   0.09571   0.01356   0.07028
     53/99     7.62G   0.05417   0.01336   0.03603    0.1036        61       640    0.2432    0.1128    0.0286    0.0125   0.09532   0.01364   0.06873
     54/99     7.62G   0.05433   0.01395   0.03582    0.1041        88       640    0.2562    0.1343   0.03396   0.01646   0.09034    0.0135   0.05114
     55/99     7.62G    0.0548   0.01358   0.03562     0.104        43       640    0.2598    0.2296   0.04089   0.01941   0.08703   0.01338   0.04335
     56/99     7.62G   0.05422   0.01349   0.03704    0.1048        53       640    0.2926    0.1572   0.04346   0.01854   0.08456   0.01352   0.03884
     57/99     7.62G   0.05259   0.01326   0.03608    0.1019        38       640    0.1893     0.202   0.04052   0.01921   0.08496   0.01366   0.03771
     58/99     7.62G   0.05215   0.01336   0.03491    0.1004        88       640    0.2784      0.16   0.05186   0.02433    0.0842   0.01333   0.03778
     59/99     7.62G   0.05498   0.01422   0.03718    0.1064        36       640    0.2785     0.183   0.05366   0.02313   0.08338   0.01324   0.03783
     60/99     7.62G   0.05189   0.01464   0.03573    0.1023        80       640    0.2901     0.176   0.05226   0.02164   0.08287   0.01313   0.03823
     61/99     7.62G   0.05156   0.01388   0.03594    0.1014        76       640    0.2053     0.192   0.05227   0.02253   0.08286    0.0132   0.03783
     62/99     7.62G   0.05376   0.01406    0.0362     0.104        56       640    0.2185    0.1872   0.05417   0.02347   0.08092   0.01303   0.03774
     63/99     7.62G   0.05182   0.01355   0.03633    0.1017        43       640    0.2115    0.2159   0.05965    0.0273   0.08185   0.01269   0.03777
     64/99     7.62G   0.05245   0.01341   0.03555    0.1014        42       640    0.2177    0.2617   0.07359    0.0341   0.07921   0.01282   0.03792
     65/99     7.62G   0.04936    0.0139   0.03508   0.09834        52       640    0.1483    0.2601    0.0694   0.03034   0.07932   0.01337    0.0377
     66/99     7.62G   0.04894   0.01443   0.03539   0.09876        78       640    0.4441    0.1532   0.07607    0.0345   0.07768   0.01354   0.03748
     67/99     7.62G    0.0521   0.01349   0.03566    0.1012        80       640    0.2687    0.1617    0.0708   0.03426   0.07963   0.01322   0.03765
     68/99     7.62G   0.05121   0.01292   0.03554   0.09966        75       640     0.219     0.288   0.07195   0.03581   0.07983    0.0125    0.0375
     69/99     7.62G   0.04977   0.01372   0.03573   0.09923        93       640    0.2086    0.2962   0.08005   0.03934   0.07868   0.01293   0.03756
     70/99     7.62G   0.05041   0.01266   0.03518   0.09825        66       640    0.2138    0.3226   0.09694   0.04634   0.07925   0.01271   0.03763
     71/99     7.62G   0.04984   0.01339    0.0352   0.09843        61       640    0.3934    0.2061   0.09766   0.04733   0.07795   0.01282   0.03742
     72/99     7.62G     0.049   0.01443   0.03545   0.09889        60       640    0.2938    0.3026    0.1056   0.05082   0.07732   0.01279   0.03707
     73/99     7.62G   0.04929   0.01416   0.03574   0.09918        58       640    0.2967     0.278    0.1115   0.05353   0.07727   0.01248    0.0369
     74/99     7.62G   0.04712   0.01265     0.034   0.09377        50       640    0.2934    0.2804    0.1041   0.05137   0.07795   0.01237   0.03688
     75/99     7.62G   0.04989   0.01342   0.03502   0.09833        65       640     0.296    0.2842     0.105   0.04811   0.07639   0.01244   0.03685
     76/99     7.62G   0.04593   0.01348   0.03409    0.0935        34       640    0.3873    0.1808     0.112   0.05188   0.07585   0.01285   0.03676
     77/99     7.62G   0.04729   0.01313   0.03567   0.09608        82       640    0.4761    0.1843    0.1221   0.06177    0.0749    0.0126   0.03672
     78/99     7.62G   0.04825   0.01407   0.03511   0.09744        58       640    0.5452    0.1649    0.1219   0.05797   0.07502   0.01253   0.03683
     79/99     7.62G   0.04754   0.01403   0.03486   0.09643        33       640    0.5651    0.1527    0.1229   0.05796   0.07513   0.01247   0.03683
     80/99     7.62G   0.04559   0.01353    0.0343   0.09342        56       640    0.5104    0.1825    0.1194   0.05933   0.07481   0.01261   0.03683
     81/99     7.62G   0.04626   0.01353   0.03493   0.09472        39       640    0.5285    0.1962    0.1293   0.06079   0.07477   0.01262   0.03681
     82/99     7.62G   0.04671   0.01326   0.03318   0.09314        45       640    0.4165    0.2367      0.14   0.06955   0.07433    0.0126   0.03676
     83/99     7.62G   0.04782   0.01371   0.03473   0.09626        32       640    0.4101    0.2752    0.1471   0.07566    0.0752   0.01218    0.0366
     84/99     7.62G   0.04593   0.01407   0.03581   0.09581        95       640    0.3231     0.304    0.1444   0.07393   0.07411   0.01213    0.0365
     85/99     7.62G   0.04484   0.01456   0.03432   0.09372        99       640     0.484    0.2383    0.1499   0.07318   0.07488   0.01212   0.03652
     86/99     7.62G   0.04709   0.01341   0.03533   0.09583        49       640    0.4938    0.2113    0.1468   0.07928   0.07486   0.01225   0.03647
     87/99     7.62G   0.04493   0.01387   0.03428   0.09308        72       640    0.5005    0.2288    0.1494   0.07607   0.07281   0.01236   0.03633
     88/99     7.62G   0.04614   0.01418   0.03485   0.09516        57       640    0.5612    0.1886    0.1539   0.07837   0.07406   0.01218   0.03624
     89/99     7.62G   0.04293   0.01422   0.03332   0.09048        55       640    0.4296    0.2217    0.1566   0.08186   0.07527   0.01218   0.03617
     90/99     7.62G   0.04415   0.01367   0.03379   0.09161        67       640    0.3584    0.2152    0.1541   0.07918   0.07514   0.01223    0.0361
     91/99     7.62G   0.04489   0.01425   0.03424   0.09338        58       640    0.5299    0.1914    0.1627   0.08246   0.07469   0.01211   0.03602
     92/99     7.62G   0.04658    0.0135   0.03471   0.09478        78       640     0.441    0.2291    0.1686   0.08552   0.07371   0.01218   0.03603
     93/99     7.62G   0.04611   0.01286   0.03541   0.09438        75       640     0.457    0.2284    0.1742   0.09018   0.07442   0.01216   0.03605
     94/99     7.62G   0.04611   0.01351   0.03434   0.09396        92       640    0.4548    0.2144    0.1719   0.08642   0.07379   0.01213   0.03606
     95/99     7.62G   0.04522    0.0137   0.03467   0.09359        70       640    0.4618    0.2104    0.1735   0.08641   0.07237   0.01209   0.03606
     96/99     7.62G   0.04772    0.0138   0.03379   0.09532        53       640    0.4618    0.2065    0.1765   0.08786   0.07192   0.01221   0.03606
     97/99     7.62G   0.04426   0.01449   0.03467   0.09342        76       640     0.478    0.2094    0.1727   0.08785   0.07297   0.01201   0.03601
     98/99     7.62G   0.04441   0.01334   0.03476   0.09252        47       640    0.4315    0.2784    0.1737   0.09264   0.07279   0.01201   0.03587
     99/99     7.62G    0.0447   0.01279   0.03405   0.09153        75       640    0.4473    0.2405    0.1778   0.09512   0.07183   0.01217   0.03588
