     0/149     1.43G   0.08621   0.01876   0.04383    0.1488        36       640 8.198e-05  0.005049 6.214e-06  2.44e-06    0.1216   0.01754   0.04612
     1/149     7.24G   0.07786   0.01545   0.04249    0.1358        24       640  0.000691  0.007343 8.034e-05 1.505e-05    0.1135   0.01622   0.04494
     2/149     6.99G   0.07714   0.01412   0.04086    0.1321        22       640   0.00056   0.04704 9.325e-05 2.721e-05    0.1092   0.01549    0.0432
     3/149     6.99G   0.07243   0.01416   0.04063    0.1272        52       640   0.06874  0.007407 0.0008904 0.0004187    0.1128   0.01363   0.04302
     4/149     6.99G   0.06718   0.01328   0.03873    0.1192        42       640   0.01626    0.0513   0.01072  0.001804    0.1069   0.01444   0.04212
     5/149     6.99G   0.06927   0.01308   0.03971    0.1221        13       640    0.6083  0.003252  0.001886 0.0004416     0.109   0.01455   0.04202
     6/149     6.99G   0.07047   0.01184    0.0389    0.1212        13       640    0.9873  0.001626  0.001756 0.0001875    0.1148    0.0132   0.04173
     7/149     6.99G   0.07275   0.01142   0.03963    0.1238        31       640  0.001604   0.07545 0.0007874 0.0001735    0.1134   0.01315   0.04821
     8/149     6.99G   0.07006   0.01219   0.03836    0.1206        19       640  0.002371   0.08312  0.001651 0.0002782    0.1108   0.01382   0.04892
     9/149     6.99G   0.06678    0.0125   0.03803    0.1173        32       640   0.07162   0.05035   0.00239 0.0008117    0.1018   0.01589   0.04109
    10/149     6.99G   0.06717   0.01279   0.03962    0.1196        36       640    0.2231   0.03847   0.01565  0.004607    0.1013   0.01479   0.04154
    11/149     6.99G   0.06754   0.01087   0.04072    0.1191        16       640    0.1407   0.02935  0.002911 0.0007575    0.1012   0.01449   0.04313
    12/149     6.99G   0.06794    0.0115   0.03959     0.119         2       640   0.07676    0.0696    0.0045 0.0006525   0.09996   0.01524     0.041
    13/149     6.99G   0.06611   0.01295    0.0395    0.1186        25       640  0.002924  0.005919 0.0003968 0.0001351    0.1087   0.01576    0.1315
    14/149     6.99G   0.06503   0.01179   0.03866    0.1155        12       640  0.002846    0.1417  0.002157  0.000578   0.09979   0.01658   0.04519
    15/149     6.99G   0.06512   0.01322   0.03867     0.117        16       640     0.216   0.02389  0.004745  0.001522    0.1005   0.01357    0.0401
    16/149     6.99G   0.06379   0.01216   0.03914    0.1151        15       640     0.207   0.09613  0.005352  0.001594   0.09273   0.01469   0.04018
    17/149     6.99G   0.06117   0.01303    0.0384    0.1126        25       640    0.2817   0.06941  0.008952  0.002408   0.09224   0.01429   0.03969
    18/149     6.99G   0.06143   0.01246   0.03832    0.1122        27       640    0.2801   0.07441  0.009226  0.002782   0.08873   0.01535   0.03967
    19/149     6.99G   0.05873   0.01335   0.03823    0.1103        60       640    0.3531   0.08888   0.01253  0.002879   0.09146   0.01506   0.04014
    20/149     6.99G   0.06381   0.01248   0.03917    0.1155        30       640   0.07116  0.009415  0.000478 0.0001385    0.1305   0.01197    0.1671
    21/149     6.99G   0.06396   0.01338   0.03899    0.1163        66       640   0.00226  0.009055 0.0007733 0.0001309   0.09935   0.01718   0.04115
    22/149     6.99G   0.06435   0.01215   0.03866    0.1152        31       640    0.6728  0.003925  0.001689  0.000364   0.09633   0.01756   0.04086
    23/149     6.99G   0.06433   0.01299   0.03846    0.1158        18       640  0.001442   0.07298 0.0005487 0.0001062    0.1122    0.0119   0.04923
    24/149     6.99G   0.06697   0.01316    0.0387    0.1188        19       640    0.3418   0.01531  0.005166  0.001283   0.09779   0.01458   0.04406
    25/149     6.99G   0.06443   0.01256   0.03887    0.1159         6       640    0.5212   0.02035   0.01109  0.003139   0.09597   0.01611   0.05216
    26/149     6.99G   0.06584   0.01144   0.03919    0.1165        28       640    0.2112   0.05217  0.003415 0.0006634   0.09825   0.01602   0.04061
    27/149     6.99G   0.06877   0.01311   0.03826    0.1201        57       640    0.6124   0.01086   0.00337 0.0008002   0.09259   0.01778   0.03989
    28/149     6.99G   0.06659   0.01134   0.03777    0.1157        30       640    0.2787   0.09116  0.003687  0.000999   0.09631   0.01688   0.03986
    29/149     6.99G   0.06637   0.01173   0.03864    0.1167        26       640    0.5516   0.02765  0.007547  0.002304   0.09565   0.01832   0.03951
    30/149     6.99G   0.06502   0.01185   0.03693    0.1138        23       640    0.4836   0.04445   0.00512  0.001252   0.09531   0.01717   0.04035
    31/149     6.99G   0.06619   0.01129   0.03695    0.1144         5       640    0.3445     0.155  0.005889  0.001223   0.09781   0.01587    0.0554
    32/149     6.99G   0.06681   0.01097   0.03777    0.1156        34       640    0.6836   0.03876  0.007054  0.002647    0.1017   0.01473   0.03952
    33/149     6.99G    0.0668   0.01286   0.03735     0.117        43       640    0.6183   0.04895    0.0104  0.003123    0.1014   0.01471   0.03959
    34/149     6.99G   0.06808    0.0117   0.03661    0.1164        25       640    0.5388   0.01723  0.001978 0.0005049   0.09828   0.01636   0.03943
    35/149     6.99G   0.06938   0.01158   0.03787    0.1188        24       640    0.1383   0.01051 0.0007655 9.958e-05    0.1143   0.01334   0.04101
    36/149     6.99G   0.06602   0.01134   0.03642    0.1138        56       640    0.2763   0.09417  0.005384  0.001206    0.1003   0.01544   0.03947
    37/149     6.99G   0.06285   0.01238   0.03678     0.112        43       640      0.34   0.09079  0.005427  0.001207   0.09541   0.01566   0.03895
    38/149     6.99G   0.06445   0.01179    0.0364    0.1126        38       640    0.5503   0.03353  0.006152  0.001583   0.09927   0.01519   0.03995
    39/149     6.99G   0.06374   0.01194   0.03762    0.1133        25       640    0.3442   0.05916  0.004304   0.00107   0.09947   0.01585   0.04267
    40/149     6.99G   0.06458   0.01199   0.03724    0.1138        16       640    0.5485    0.0579    0.0134  0.004104   0.09785   0.01567    0.0404
    41/149     6.99G   0.06075   0.01263    0.0359    0.1093        34       640    0.2772    0.1576  0.009482  0.002865   0.09486   0.01566   0.03892
    42/149     6.99G   0.05955   0.01184    0.0349    0.1063        10       640    0.2839    0.1922   0.01482  0.004647    0.0989   0.01398   0.04846
    43/149     6.99G    0.0608   0.01196   0.03444    0.1072        37       640    0.5574    0.1071   0.01805  0.005443    0.0984   0.01357   0.03974
    44/149     6.99G   0.06215   0.01202   0.03582      0.11        26       640    0.3526    0.2224    0.0172  0.005737   0.09242   0.01439   0.03885
    45/149     6.99G   0.06231   0.01251   0.03684    0.1117        27       640     0.494    0.0917   0.02496  0.007543   0.09762   0.01408   0.03966
    46/149     6.99G   0.06416   0.01301   0.03649    0.1137        13       640    0.4255   0.05439   0.01287   0.00375    0.1327   0.02144     2.999
    47/149     6.99G   0.06517   0.01426   0.03807    0.1175        35       640    0.4819    0.0213   0.00458  0.001536    0.1157    0.0153    0.3229
    48/149     6.99G   0.06316   0.01306   0.03621    0.1124        10       640    0.4886   0.07639   0.01777  0.006247    0.1038   0.01498   0.09776
    49/149     6.99G   0.06067   0.01104   0.03519    0.1069        26       640    0.3583    0.1578   0.02195  0.007186   0.09348   0.01459   0.03865
    50/149     6.99G   0.06005   0.01295    0.0365    0.1095        30       640     0.314    0.2006   0.02587  0.008978   0.09194    0.0143   0.03867
    51/149     6.99G   0.06258   0.01208    0.0367    0.1114        31       640    0.5549   0.08612   0.02286  0.007184   0.08987   0.01478   0.03952
    52/149     6.99G   0.06152   0.01147   0.03592    0.1089        22       640    0.4107    0.1549    0.0318   0.01211   0.09377   0.01477   0.04816
    53/149     6.99G   0.06063   0.01218   0.03634    0.1092        18       640    0.4254    0.2121    0.0329   0.01362   0.09078   0.01482   0.03839
    54/149     6.99G   0.06183   0.01214   0.03759    0.1116        10       640    0.3102    0.2116   0.03057   0.01172   0.08954   0.01463    0.0382
    55/149     6.99G   0.05955     0.012   0.03662    0.1082        19       640    0.3255    0.1742   0.03813   0.01315   0.09074   0.01419   0.03815
    56/149     6.99G   0.05859   0.01235   0.03618    0.1071        19       640     0.342    0.1957   0.03007   0.01126   0.09079   0.01415   0.03828
    57/149     6.99G   0.05907   0.01262   0.03612    0.1078        23       640     0.342    0.2502   0.03127  0.009004   0.09058   0.01421   0.03797
    58/149     6.99G   0.05946   0.01314   0.03666    0.1093        57       640    0.3755    0.1943   0.04562   0.01754   0.08853    0.0142   0.03819
    59/149     6.99G   0.05785   0.01234    0.0366    0.1068        15       640    0.3355    0.2656   0.05132   0.02081   0.08694   0.01413   0.03793
    60/149     6.99G   0.05703   0.01343   0.03618    0.1066        29       640    0.3696    0.2304   0.05256   0.02448   0.08767   0.01378   0.03791
    61/149     6.99G   0.05878   0.01239   0.03567    0.1068        42       640    0.2633    0.2383   0.05019    0.0172    0.0879   0.01401   0.03808
    62/149     6.99G   0.05548   0.01227   0.03515    0.1029        40       640    0.3388    0.2769    0.0527   0.01656   0.08796    0.0137   0.03806
    63/149     6.99G    0.0567   0.01262   0.03591    0.1052        34       640    0.5132    0.1644    0.0516   0.01671   0.08557   0.01414   0.03786
    64/149     6.99G    0.0582   0.01336   0.03552    0.1071        33       640     0.378     0.265   0.05563   0.02169   0.08608   0.01394   0.03787
    65/149     6.99G   0.05641   0.01271   0.03443    0.1035        57       640    0.3649    0.2753   0.06755   0.02589   0.08782   0.01371   0.03779
    66/149     6.99G   0.05387   0.01375   0.03492    0.1025        27       640    0.5467    0.1495   0.07366   0.02878   0.08547   0.01374   0.03774
    67/149     6.99G    0.0547   0.01297   0.03595    0.1036        49       640    0.5897    0.1363    0.0712   0.02657   0.08447   0.01389    0.0376
    68/149     6.99G   0.05316   0.01171   0.03463    0.0995        26       640    0.5571    0.1903   0.06715   0.02822   0.08583   0.01375   0.03767
    69/149     6.99G   0.05421   0.01209   0.03473     0.101        24       640    0.5165    0.2097   0.07051   0.03224   0.08533   0.01362   0.03768
    70/149     6.99G   0.05604    0.0122   0.03472     0.103        43       640    0.5428    0.1511   0.07506   0.03167   0.08608   0.01334   0.03774
    71/149     6.99G   0.05509   0.01205   0.03545    0.1026        21       640    0.5155    0.1279   0.07191   0.03387   0.08484   0.01337   0.03774
    72/149     6.99G   0.05512   0.01248   0.03512    0.1027        30       640    0.5387    0.1724   0.08006   0.03715   0.07929    0.0144   0.03743
    73/149     6.99G   0.05484   0.01211   0.03515    0.1021        34       640    0.5212      0.13   0.08681   0.03218   0.08268    0.0141   0.03703
    74/149     6.99G   0.05562   0.01249    0.0356    0.1037        15       640    0.4829    0.2117   0.07977   0.03385   0.08504   0.01364   0.03726
    75/149     6.99G   0.05921   0.01183   0.03609    0.1071        16       640    0.3344    0.3089   0.07508   0.03171   0.08416   0.01382   0.03726
    76/149     6.99G   0.05445   0.01175   0.03471    0.1009        28       640    0.4063    0.2351   0.07521   0.03042   0.08216   0.01414   0.03706
    77/149     6.99G   0.05522    0.0124   0.03622    0.1038        35       640    0.5166    0.2051   0.08572   0.03766   0.08166   0.01378   0.03688
    78/149     6.99G   0.05163   0.01273   0.03467   0.09903        23       640    0.4801    0.2806   0.08414    0.0397   0.08216   0.01359   0.03668
    79/149     6.99G   0.04984   0.01189   0.03406   0.09579        17       640    0.5451    0.1737   0.08591   0.04229   0.08175   0.01349    0.0364
    80/149     6.99G   0.05091   0.01306    0.0344   0.09837        23       640    0.4927    0.2022   0.09012   0.03858   0.07961   0.01383   0.03628
    81/149     6.99G   0.05302   0.01247   0.03608    0.1016        44       640    0.5182    0.1933   0.09052   0.03953   0.07995   0.01398   0.03614
    82/149     6.99G   0.05132   0.01325   0.03537   0.09994        18       640    0.5374    0.1862    0.1023   0.04436   0.07901     0.014   0.03609
    83/149     6.99G   0.05104   0.01327   0.03479   0.09911        31       640    0.4573    0.1836    0.1036   0.04559   0.07902   0.01399   0.03602
    84/149     6.99G   0.05293   0.01258   0.03547     0.101        37       640    0.5385    0.1759     0.112   0.05046   0.07977   0.01363   0.03596
    85/149     6.99G   0.04947   0.01277   0.03351   0.09575        14       640    0.5394    0.1616    0.1081    0.0471   0.07839   0.01378   0.03586
    86/149     6.99G   0.04972   0.01397   0.03506   0.09875        25       640    0.5118    0.1858      0.11    0.0514   0.07849   0.01384   0.03576
    87/149     6.99G   0.04692   0.01377   0.03399   0.09468        59       640    0.5295    0.1703     0.111   0.05066   0.07774   0.01392   0.03572
    88/149     6.99G   0.05077   0.01285   0.03536   0.09898        41       640    0.5082    0.1976    0.1098   0.05021   0.07837   0.01374   0.03558
    89/149     6.99G   0.04847   0.01287   0.03469   0.09602        37       640    0.5586    0.1911    0.1206   0.05772   0.07778   0.01393   0.03563
    90/149     6.99G   0.05053   0.01288   0.03327   0.09668        47       640    0.5754    0.1705    0.1273   0.06244   0.07705   0.01382   0.03561
    91/149     6.99G   0.04896   0.01313   0.03522   0.09731        37       640     0.543    0.1774    0.1305   0.06665   0.07577     0.014   0.03562
    92/149     6.99G   0.04698   0.01237   0.03354   0.09289        25       640    0.5257    0.1845    0.1311   0.06193   0.07643   0.01385   0.03553
    93/149     6.99G   0.04764   0.01367   0.03455   0.09586        28       640    0.5201    0.1997    0.1215   0.05158   0.07689   0.01375   0.03557
    94/149     6.99G   0.04627   0.01443   0.03436   0.09506        66       640    0.5617     0.164    0.1354   0.06176   0.07722   0.01363    0.0357
    95/149     6.99G   0.04737   0.01232   0.03419   0.09387         3       640    0.5564    0.1865    0.1374   0.06605   0.07625   0.01368   0.03566
    96/149     6.99G   0.04814   0.01314   0.03565   0.09693        32       640    0.5299    0.1645    0.1192    0.0544   0.07668   0.01381   0.03566
    97/149     6.99G   0.04961   0.01333   0.03485    0.0978        45       640    0.6196    0.1357    0.1112   0.04891   0.07668   0.01406   0.03566
    98/149     6.99G   0.04992   0.01298   0.03549   0.09839        39       640    0.5105    0.2228    0.1138   0.05308   0.07645   0.01412   0.03565
    99/149     6.99G    0.0511   0.01391   0.03495   0.09996         4       640    0.5478     0.173    0.1196   0.05387    0.0759   0.01407   0.03583
   100/149     6.99G   0.05378   0.01258   0.03556    0.1019        17       640    0.4498    0.2488    0.1285   0.06084   0.07739   0.01373   0.03576
   101/149     6.99G   0.04854   0.01291   0.03406   0.09552        26       640    0.4424     0.215    0.1137   0.05114   0.08348   0.01596    0.1571
   102/149     6.99G   0.04895   0.01308    0.0338   0.09583        35       640    0.4687    0.1884    0.1176   0.05639   0.08276   0.01544    0.1244
   103/149     6.99G   0.05004   0.01413   0.03485   0.09902        23       640    0.4553    0.2213    0.1288   0.06201   0.08057   0.01509    0.0951
   104/149     6.99G   0.05051   0.01284   0.03462   0.09797        37       640    0.4586    0.2104    0.1394   0.06628   0.07716   0.01453   0.05129
   105/149     6.99G   0.04999   0.01219   0.03433   0.09652        40       640    0.4495    0.2578    0.1495   0.07222   0.07537   0.01365   0.03512
   106/149     6.99G   0.04816    0.0121   0.03477   0.09503        16       640    0.4165    0.2198     0.155   0.07498   0.07516   0.01337   0.03491
   107/149     6.99G   0.04817   0.01363   0.03377   0.09558        48       640    0.3865    0.3013     0.154    0.0778   0.07454   0.01329   0.03485
   108/149     7.52G   0.04778   0.01253   0.03396   0.09427        15       640    0.5716    0.1875    0.1608   0.07528   0.07567   0.01314   0.03496
   109/149     7.52G   0.04701   0.01313   0.03457   0.09471        28       640    0.4926    0.2181    0.1618   0.07506   0.07488    0.0132    0.0348
   110/149     7.52G   0.04894   0.01259   0.03419   0.09572        20       640    0.4269    0.2202    0.1652   0.07374   0.07468   0.01311    0.0349
   111/149     7.52G   0.04498   0.01288   0.03443   0.09229        41       640    0.4039    0.2785    0.1682   0.07768   0.07387   0.01317   0.03486
   112/149     7.52G   0.04324   0.01314   0.03289   0.08927        18       640    0.5277    0.1826    0.1675   0.07683    0.0739   0.01307   0.03482
   113/149     7.52G   0.04703   0.01322   0.03437   0.09462        30       640    0.5192    0.1929    0.1626   0.07803   0.07186   0.01336   0.03464
   114/149     7.52G   0.04525   0.01382   0.03458   0.09365        56       640    0.3577    0.2417    0.1509   0.07328    0.0712   0.01357   0.03452
   115/149     7.52G   0.04654   0.01437   0.03438   0.09529        35       640    0.5756    0.2024    0.1604   0.07809   0.07383   0.01315   0.03564
   116/149     7.52G   0.04679   0.01301   0.03418   0.09398         3       640    0.4357    0.2408     0.171   0.08106   0.07258   0.01324   0.03567
   117/149     7.52G   0.04527   0.01257   0.03337   0.09121        28       640    0.4898    0.2068    0.1656   0.08185   0.07287   0.01309   0.03471
   118/149     7.52G   0.04467   0.01422   0.03452   0.09341        29       640    0.2715     0.325    0.1834   0.08759   0.07276   0.01292   0.03434
   119/149     7.52G   0.04527    0.0141   0.03432   0.09368        56       640    0.2355    0.3349    0.1913   0.08771   0.07227   0.01293   0.03487
   120/149     7.52G   0.04597    0.0139   0.03434   0.09421        21       640    0.5295    0.1945    0.1912   0.09284   0.07161   0.01309   0.03852
   121/149     7.52G    0.0427   0.01379   0.03264   0.08913        27       640    0.5363    0.2141    0.1899   0.09023   0.07124   0.01292    0.0346
   122/149     7.52G   0.04255   0.01339   0.03418   0.09011        36       640    0.3797    0.2261    0.1967   0.09421   0.07029   0.01308   0.03425
   123/149     7.52G   0.04361   0.01373   0.03449   0.09183        24       640    0.3886    0.2279    0.1939   0.08768   0.07069   0.01311   0.03414
   124/149     7.52G    0.0453   0.01304   0.03394   0.09227        10       640    0.3979    0.2345    0.1958   0.08969   0.06962   0.01315   0.03404
   125/149     7.52G   0.04367   0.01312   0.03371    0.0905        27       640    0.4739    0.2193    0.1939   0.09241   0.06918   0.01325     0.034
   126/149     7.52G   0.04416    0.0137   0.03429   0.09216        27       640    0.2396     0.339    0.2017   0.09911   0.06994   0.01304    0.0339
   127/149     7.52G   0.04419    0.0144   0.03411    0.0927        21       640    0.2747    0.3113    0.2003   0.09535   0.07067   0.01288     0.034
   128/149     7.52G     0.043   0.01272   0.03428      0.09        28       640     0.298    0.3119    0.1998    0.0963   0.07101   0.01273   0.03435
   129/149     7.52G   0.04494   0.01406   0.03371   0.09272        51       640    0.2985    0.3169    0.2034    0.1005   0.07053   0.01279   0.03417
   130/149     7.52G   0.04408   0.01356   0.03389   0.09153        46       640    0.2995     0.314    0.2137    0.1087   0.06959   0.01281   0.03421
   131/149     7.52G   0.04104   0.01254   0.03398   0.08756        24       640    0.2748    0.3311     0.221    0.1095   0.06999   0.01284   0.03415
   132/149     7.52G   0.04288   0.01356   0.03319   0.08963        25       640    0.3078    0.2842      0.22    0.1093   0.07037   0.01289   0.03411
   133/149     7.52G   0.04022   0.01252   0.03229   0.08502        24       640    0.3275    0.2668     0.218    0.1062   0.07086   0.01278   0.03417
   134/149     7.52G   0.04254   0.01511   0.03357   0.09122        25       640    0.3131    0.2725    0.2166     0.109   0.07058   0.01277    0.0342
   135/149     7.52G   0.04314   0.01327   0.03339   0.08981        40       640    0.4403    0.2479    0.2131    0.1054   0.07036    0.0128   0.03415
   136/149     7.52G   0.04287   0.01418   0.03381   0.09086        43       640    0.4165    0.2367    0.2111    0.1067   0.06975   0.01288   0.03404
   137/149     7.52G    0.0433   0.01251   0.03307   0.08889        13       640    0.3083    0.2636    0.2112    0.1101   0.06973   0.01292   0.03403
   138/149     7.52G   0.04093   0.01341   0.03424   0.08858        28       640    0.3158    0.2686    0.2226    0.1163   0.07041   0.01275   0.03383
   139/149     7.52G   0.04087   0.01317   0.03272   0.08677        29       640     0.363    0.2526    0.2311    0.1198   0.07066   0.01261   0.03379
   140/149     7.52G   0.04162   0.01332   0.03336    0.0883        21       640    0.3796    0.2532    0.2391    0.1143    0.0698   0.01271    0.0338
   141/149     7.52G    0.0419   0.01286   0.03314    0.0879        14       640    0.4116    0.2402    0.2409    0.1241   0.06958   0.01275   0.03402
   142/149     7.52G   0.04279   0.01381     0.034    0.0906        14       640    0.4902    0.2434    0.2439    0.1195   0.06951   0.01268   0.03446
   143/149     7.52G   0.04038   0.01333   0.03246   0.08617        14       640    0.4823    0.2498    0.2464    0.1221   0.06966   0.01253   0.03459
   144/149     7.52G   0.04271   0.01293   0.03322   0.08886        29       640     0.546    0.2522    0.2449     0.121   0.06876   0.01266   0.03401
   145/149     7.52G   0.04336   0.01328   0.03354   0.09018        36       640    0.4819    0.2493    0.2308    0.1183   0.06837   0.01276   0.03373
   146/149     7.52G   0.04114   0.01269   0.03401   0.08783        14       640    0.5406    0.2364    0.2337    0.1194   0.06853     0.013   0.03634
   147/149     7.52G    0.0426   0.01365   0.03308   0.08932        63       640    0.4222    0.2726     0.234    0.1193   0.06794   0.01303   0.03461
   148/149     7.52G   0.04405   0.01434   0.03377   0.09216        31       640    0.3434    0.2666    0.2382    0.1229    0.0684   0.01289   0.03409
   149/149     7.52G   0.04187    0.0137   0.03345   0.08903        25       640    0.3864    0.2444    0.2512    0.1258   0.06871    0.0127    0.0336
