       0/9     6.76G   0.08432   0.01902   0.04425    0.1476        80       640   0.00019  0.002899 1.767e-05 6.898e-06    0.1197   0.01785   0.04637
       1/9     6.77G   0.07775   0.01575   0.04234    0.1358        29       640 0.0007367  0.004762 0.0001208 1.251e-05    0.1112   0.01586   0.04412
       2/9     6.56G   0.07416   0.01435   0.04081    0.1293        80       640    0.1352  0.001626 9.322e-05 2.273e-05    0.1108   0.01486   0.04469
       3/9     6.56G   0.07319   0.01317   0.04087    0.1272        41       640     0.003   0.01821  0.001475  0.000269    0.1057   0.01463   0.04342
       4/9     7.02G   0.06712   0.01344   0.04057    0.1211        50       640  0.004572    0.1211  0.002533 0.0004765     0.103   0.01449   0.04237
       5/9     7.02G   0.06369   0.01265   0.04042    0.1168        28       640   0.01108   0.08376  0.007289  0.001646   0.09911   0.01445   0.04199
       6/9     7.02G   0.05955   0.01323   0.03974    0.1125        37       640    0.2271   0.03549   0.01457  0.003756    0.0945   0.01506   0.04138
       7/9     7.02G   0.05827   0.01334   0.03996    0.1116        76       640    0.2336     0.073   0.02282  0.008445   0.09156   0.01509   0.04099
       8/9     7.02G   0.05382   0.01396   0.03935    0.1071        45       640    0.2777   0.03965   0.03487   0.01627   0.08468   0.01529   0.04101
       9/9     7.02G   0.05091   0.01395   0.03926    0.1041        54       640    0.1752   0.08518   0.03777   0.01729    0.0818   0.01536     0.041
